PS C:\Users\jqlne\vscode\Java\CS4310\ProgramProject2> javac OPT.java
PS C:\Users\jqlne\vscode\Java\CS4310\ProgramProject2> java OPT
===========================================
   OPT Page Replacement Algorithm
===========================================

===========================================
   Frame Size: 3
===========================================
--- Reference String #1 ---
Ref String:  -1 -1  3 -1  6 -1  1 -1  7 -1  2 -1  4 -1  7 -1  2 -1  0 -1  3 -1  6 -1  1 -1  5 -1  2 -1  4 -1  7 -1  0 -1  3 -1  6 -1  1 -1  7 -1  2 -1  5 -1  0 -1  4 -1  3 -1  6 -1  1 -1  2 -1  7
Frame  1  :                                                                                                                                                                                       6
Frame  2  :         3  3  3  3  3  3  3  3  7  7  7  7  7  7  4  4  2  2  2  2  2  2  2  2  2  2  2  2  2  2  2  2  7  7  7  7  7  7  7  7  7  7  1  1  1  1  1  1  1  1  1  1  1  1  1  1  6  6  2
Frame  3  :               6  6  1  1  7  7  2  2  4  4  4  4  2  2  0  0  3  3  6  6  1  1  5  5  5  5  4  4  7  7  0  0  3  3  6  6  1  1  1  1  2  2  5  5  0  0  4  4  3  3  6  6  6  6  2  2  7
Page Fault:   F     F     F     F     F     F     F           F     F     F     F     F     F           F     F     F     F     F     F           F     F     F     F     F     F           F     F
Total Page Faults: 27

--- Reference String #2 ---
Ref String:   1 -1  2 -1  3 -1  4 -1  1 -1  2 -1  5 -1  1 -1  2 -1  3 -1  4 -1  5 -1  3 -1  4 -1  1 -1  2 -1  3 -1  4 -1  5 -1  1 -1  2 -1  3 -1  4 -1  5 -1  1 -1  2 -1  3 -1  4 -1  5 -1  1
Frame  1  :   1  1  1  1  1  1  1  1  1  1  1  1  1  1  1  1                                                                                                                                5
Frame  2  :                                                   5  5  5  5  5  5  5  5  4  4  4  4  3  3  3  3  3  3  2  2  2  2  2  2  2  2  1  1  1  1  1  1  1  1  5  5  5  5  5  5  5  5  4
Frame  3  :         2  2  3  3  4  4  4  4  2  2  5  5  5  5  2  2  3  3  4  4  4  4  3  3  3  3  1  1  2  2  2  2  4  4  5  5  1  1  1  1  3  3  4  4  5  5  5  5  2  2  3  3  4  4  4  4  1
Page Fault:   F  F  F     F     F           F     F           F     F     F           F           F     F           F     F     F           F     F     F           F     F     F           F
Total Page Faults: 23

--- Reference String #3 ---
Ref String:   0 -1  3 -1  1 -1  6 -1  2 -1  5 -1  7 -1  4 -1  0 -1  3 -1  1 -1  6 -1  2 -1  5 -1  7 -1  4 -1  0 -1  3 -1  1 -1  6 -1  2 -1  5 -1  7 -1  4 -1  0 -1  3 -1  1 -1  6 -1  2 -1  5
Frame  1  :   0  0  0  0  0  0  0  0  0  0  0  0  0  0  0  0  0  0                                                                                                                           
Frame  2  :                                                         4  4  4  4  4  4  4  4  4  4  4  4  4  4  7  7  7  7  7  7  7  7  7  7  7  7  7  7  5  5  5  5  5  5  5  5  5  5  5  5  5
Frame  3  :         3  3  1  1  6  6  2  2  5  5  7  7  4  4  4  4  3  3  1  1  6  6  2  2  5  5  7  7  7  7  0  0  3  3  1  1  6  6  2  2  5  5  5  5  4  4  0  0  3  3  1  1  6  6  2  2  2
Page Fault:   F  F  F     F     F     F     F     F     F           F     F     F     F     F     F           F     F     F     F     F     F           F     F     F     F     F     F      
Total Page Faults: 27

--- Reference String #4 ---
Ref String:   1 -1  0 -1  2 -1  3 -1  0 -1  4 -1  2 -1  3 -1  5 -1  4 -1  6 -1  3 -1  0 -1  4 -1  1 -1  7 -1  0 -1  1 -1  2 -1  3 -1  5 -1  4 -1  6 -1  7 -1  2 -1  1 -1  0 -1  3 -1  4 -1  5
Frame  1  :   1  1  1  1                                                                                                                                                                    3
Frame  2  :               0  0  0  0  0  0  3  3  3  3  3  3  3  3  3  3  3  3  3  3  3  3  0  0  0  0  0  0  0  0  7  7  7  7  7  7  7  7  7  7  7  7  7  7  6  6  2  2  1  1  0  0  3  3  4
Frame  3  :         0  0  2  2  3  3  3  3  4  4  2  2  2  2  5  5  4  4  6  6  6  6  0  0  4  4  1  1  7  7  7  7  1  1  2  2  3  3  5  5  4  4  6  6  6  6  2  2  1  1  0  0  3  3  4  4  5
Page Fault:   F  F  F     F     F           F     F           F     F     F           F     F     F     F           F     F     F     F     F     F           F     F     F     F     F     F
Total Page Faults: 26

Average Page Faults (Frame Size 3): 25.75

===========================================
   Frame Size: 4
===========================================
--- Reference String #1 ---
Ref String:  -1 -1  3 -1  6 -1  1 -1  7 -1  2 -1  4 -1  7 -1  2 -1  0 -1  3 -1  6 -1  1 -1  5 -1  2 -1  4 -1  7 -1  0 -1  3 -1  6 -1  1 -1  7 -1  2 -1  5 -1  0 -1  4 -1  3 -1  6 -1  1 -1  2 -1  7
Frame  1  :                                                                                                                                                                                       2
Frame  2  :         3  3  3  3  3  3  3  3  3  3  7  7  7  7  7  7  2  2  2  2  2  2  2  2  2  2  2  2  2  2  2  2  2  2  2  2  2  2  2  2  2  2  2  2  2  2  2  2  2  2  2  2  2  2  2  2  2  2  1
Frame  3  :               6  6  6  6  6  6  7  7  2  2  2  2  2  2  4  4  4  4  4  4  4  4  4  4  4  4  4  4  5  5  7  7  7  7  7  7  7  7  7  7  7  7  1  1  1  1  1  1  1  1  1  1  1  1  1  1  6
Frame  4  :                     1  1  7  7  2  2  4  4  4  4  4  4  0  0  3  3  6  6  1  1  5  5  5  5  5  5  7  7  0  0  3  3  6  6  1  1  1  1  1  1  5  5  0  0  4  4  3  3  6  6  6  6  6  6  7
Page Fault:   F     F     F     F     F     F     F                 F     F     F     F     F                 F     F     F     F     F                 F     F     F     F     F                 F
Total Page Faults: 23

--- Reference String #2 ---
Ref String:   1 -1  2 -1  3 -1  4 -1  1 -1  2 -1  5 -1  1 -1  2 -1  3 -1  4 -1  5 -1  3 -1  4 -1  1 -1  2 -1  3 -1  4 -1  5 -1  1 -1  2 -1  3 -1  4 -1  5 -1  1 -1  2 -1  3 -1  4 -1  5 -1  1
Frame  1  :   1  1  1  1  1  1  1  1  1  1  1  1  1  1  1  1  1  1  1  1                                                                                                                     
Frame  2  :                                                               5  5  5  5  5  5  5  5  3  3  3  3  3  3  3  3  3  3  3  3  3  3  3  3  2  2  2  2  2  2  2  2  1  1  1  1  1  1  1
Frame  3  :         2  2  2  2  2  2  2  2  2  2  2  2  2  2  2  2  5  5  3  3  3  3  3  3  3  3  4  4  4  4  4  4  4  4  2  2  2  2  2  2  2  2  1  1  1  1  1  1  1  1  5  5  5  5  5  5  5
Frame  4  :               3  3  4  4  4  4  4  4  5  5  5  5  5  5  3  3  4  4  4  4  4  4  4  4  1  1  2  2  2  2  2  2  5  5  1  1  1  1  1  1  4  4  5  5  5  5  5  5  3  3  4  4  4  4  4
Page Fault:   F  F  F     F     F                 F                 F     F                       F     F                 F     F                 F     F                 F     F            
Total Page Faults: 16

--- Reference String #3 ---
Ref String:   0 -1  3 -1  1 -1  6 -1  2 -1  5 -1  7 -1  4 -1  0 -1  3 -1  1 -1  6 -1  2 -1  5 -1  7 -1  4 -1  0 -1  3 -1  1 -1  6 -1  2 -1  5 -1  7 -1  4 -1  0 -1  3 -1  1 -1  6 -1  2 -1  5
Frame  1  :   0  0  0  0  0  0  0  0  0  0  0  0  0  0  0  0  0  0  0  0  0  0  0  0  0  0  0  0  0  0  0  0  0  0                                                                           
Frame  2  :                                                                                                         4  4  4  4  4  4  4  4  4  4  4  4  4  4  7  7  5  5  5  5  5  5  5  5  5
Frame  3  :         3  3  3  3  3  3  3  3  3  3  3  3  3  3  3  3  3  3  4  4  4  4  4  4  4  4  4  4  4  4  4  4  7  7  7  7  7  7  7  7  7  7  7  7  7  7  5  5  0  0  3  3  1  1  6  6  6
Frame  4  :               1  1  6  6  2  2  5  5  7  7  4  4  4  4  4  4  1  1  6  6  2  2  5  5  7  7  7  7  7  7  3  3  1  1  6  6  2  2  5  5  5  5  5  5  0  0  3  3  1  1  6  6  2  2  2
Page Fault:   F  F  F     F     F     F     F     F     F                 F     F     F     F     F                 F     F     F     F     F                 F     F     F     F     F      
Total Page Faults: 24

--- Reference String #4 ---
Ref String:   1 -1  0 -1  2 -1  3 -1  0 -1  4 -1  2 -1  3 -1  5 -1  4 -1  6 -1  3 -1  0 -1  4 -1  1 -1  7 -1  0 -1  1 -1  2 -1  3 -1  5 -1  4 -1  6 -1  7 -1  2 -1  1 -1  0 -1  3 -1  4 -1  5
Frame  1  :   1  1  1  1  1  1                                                                                                                                                              0
Frame  2  :                     0  0  0  0  2  2  2  2  2  2  3  3  3  3  3  3  3  3  3  3  3  3  3  3  0  0  0  0  0  0  1  1  7  7  7  7  7  7  7  7  7  7  7  7  2  2  6  6  1  1  0  0  3
Frame  3  :         0  0  0  0  2  2  2  2  3  3  3  3  3  3  4  4  4  4  4  4  4  4  4  4  4  4  0  0  1  1  1  1  1  1  7  7  2  2  2  2  2  2  2  2  2  2  2  2  6  6  1  1  0  0  3  3  4
Frame  4  :               2  2  3  3  3  3  4  4  4  4  4  4  5  5  5  5  6  6  6  6  0  0  0  0  1  1  7  7  7  7  7  7  2  2  3  3  5  5  4  4  6  6  6  6  6  6  1  1  0  0  3  3  4  4  5
Page Fault:   F  F  F     F     F           F                 F           F           F           F     F                 F     F     F     F     F                 F     F     F     F     F
Total Page Faults: 21

Average Page Faults (Frame Size 4): 21.00

===========================================
   Frame Size: 5
===========================================
--- Reference String #1 ---
Ref String:  -1 -1  3 -1  6 -1  1 -1  7 -1  2 -1  4 -1  7 -1  2 -1  0 -1  3 -1  6 -1  1 -1  5 -1  2 -1  4 -1  7 -1  0 -1  3 -1  6 -1  1 -1  7 -1  2 -1  5 -1  0 -1  4 -1  3 -1  6 -1  1 -1  2 -1  7
Frame  1  :                                                                                                                                                                                        
Frame  2  :         3  3  3  3  3  3  3  3  3  3  3  3  3  3  3  3  3  3  3  3  2  2  2  2  2  2  2  2  2  2  2  2  2  2  2  2  2  2  2  2  2  2  2  2  2  2  2  2  2  2  2  2  2  2  2  2  2  2  2
Frame  3  :               6  6  6  6  6  6  6  6  7  7  7  7  7  7  2  2  2  2  4  4  4  4  4  4  4  4  4  4  0  0  0  0  5  5  5  5  5  5  5  5  5  5  5  5  7  7  7  7  7  7  7  7  7  7  7  7  7
Frame  4  :                     1  1  1  1  7  7  2  2  2  2  2  2  4  4  4  4  0  0  0  0  0  0  0  0  0  0  5  5  5  5  7  7  7  7  7  7  7  7  7  7  7  7  1  1  1  1  1  1  1  1  1  1  1  1  1
Frame  5  :                           7  7  2  2  4  4  4  4  4  4  0  0  0  0  6  6  1  1  5  5  5  5  5  5  7  7  7  7  3  3  6  6  1  1  1  1  1  1  1  1  0  0  4  4  3  3  6  6  6  6  6  6  6
Page Fault:   F     F     F     F     F     F     F                 F           F     F     F                 F           F     F     F                       F     F     F     F                  
Total Page Faults: 19

--- Reference String #2 ---
Ref String:   1 -1  2 -1  3 -1  4 -1  1 -1  2 -1  5 -1  1 -1  2 -1  3 -1  4 -1  5 -1  3 -1  4 -1  1 -1  2 -1  3 -1  4 -1  5 -1  1 -1  2 -1  3 -1  4 -1  5 -1  1 -1  2 -1  3 -1  4 -1  5 -1  1
Frame  1  :   1  1  1  1  1  1  1  1  1  1  1  1  1  1  1  1  1  1  1  1  1  1  1  1  1  1  1  1  1  1                                                                                       
Frame  2  :                                                                                             3  3  3  3  3  3  3  3  3  3  3  3  3  3  3  3  3  3  3  3  3  3  3  3  2  2  2  2  2
Frame  3  :         2  2  2  2  2  2  2  2  2  2  2  2  2  2  2  2  2  2  3  3  3  3  3  3  3  3  3  3  5  5  5  5  5  5  5  5  4  4  4  4  4  4  4  4  2  2  2  2  2  2  2  2  1  1  1  1  1
Frame  4  :               3  3  3  3  3  3  3  3  3  3  3  3  3  3  3  3  5  5  5  5  5  5  5  5  5  5  4  4  4  4  4  4  4  4  2  2  2  2  2  2  2  2  1  1  1  1  1  1  1  1  5  5  5  5  5
Frame  5  :                     4  4  4  4  4  4  5  5  5  5  5  5  5  5  4  4  4  4  4  4  4  4  4  4  2  2  2  2  2  2  2  2  1  1  1  1  1  1  1  1  5  5  5  5  5  5  5  5  4  4  4  4  4
Page Fault:   F  F  F     F     F                 F                       F                             F                       F                       F                       F            
Total Page Faults: 11

--- Reference String #3 ---
Ref String:   0 -1  3 -1  1 -1  6 -1  2 -1  5 -1  7 -1  4 -1  0 -1  3 -1  1 -1  6 -1  2 -1  5 -1  7 -1  4 -1  0 -1  3 -1  1 -1  6 -1  2 -1  5 -1  7 -1  4 -1  0 -1  3 -1  1 -1  6 -1  2 -1  5
Frame  1  :   0  0  0  0  0  0  0  0  0  0  0  0  0  0  0  0  0  0  0  0  0  0  0  0  0  0  0  0  0  0  0  0  0  0  0  0  0  0  0  0  0  0  0  0  0  0  0  0  0  0                           
Frame  2  :                                                                                                                                                         4  4  7  7  5  5  5  5  5
Frame  3  :         3  3  3  3  3  3  3  3  3  3  3  3  3  3  3  3  3  3  3  3  3  3  3  3  3  3  3  3  3  3  3  3  3  3  4  4  4  4  4  4  4  4  4  4  4  4  4  4  7  7  5  5  3  3  1  1  1
Frame  4  :               1  1  1  1  1  1  1  1  1  1  1  1  1  1  1  1  1  1  4  4  4  4  4  4  4  4  4  4  4  4  4  4  7  7  7  7  7  7  7  7  7  7  7  7  7  7  5  5  3  3  1  1  6  6  6
Frame  5  :                     6  6  2  2  5  5  7  7  4  4  4  4  4  4  4  4  6  6  2  2  5  5  7  7  7  7  7  7  7  7  1  1  6  6  2  2  5  5  5  5  5  5  5  5  3  3  1  1  6  6  2  2  2
Page Fault:   F  F  F     F     F     F     F     F     F                       F     F     F     F                       F     F     F     F                       F     F     F     F      
Total Page Faults: 21

--- Reference String #4 ---
Ref String:   1 -1  0 -1  2 -1  3 -1  0 -1  4 -1  2 -1  3 -1  5 -1  4 -1  6 -1  3 -1  0 -1  4 -1  1 -1  7 -1  0 -1  1 -1  2 -1  3 -1  5 -1  4 -1  6 -1  7 -1  2 -1  1 -1  0 -1  3 -1  4 -1  5
Frame  1  :   1  1  1  1  1  1  1  1  1  1                                                                                                                                                  6
Frame  2  :                                 0  0  0  0  0  0  0  0  0  0  0  0  0  0  0  0  0  0  0  0  0  0  0  0  0  0  3  3  3  3  1  1  1  1  1  1  1  1  1  1  1  1  7  7  2  2  6  6  0
Frame  3  :         0  0  0  0  0  0  0  0  2  2  2  2  2  2  3  3  3  3  3  3  3  3  3  3  3  3  3  3  3  3  3  3  3  3  1  1  1  1  7  7  7  7  7  7  7  7  7  7  7  7  2  2  6  6  0  0  3
Frame  4  :               2  2  2  2  2  2  3  3  3  3  3  3  4  4  4  4  4  4  4  4  4  4  4  4  4  4  1  1  1  1  1  1  7  7  7  7  2  2  2  2  2  2  2  2  2  2  2  2  6  6  0  0  3  3  4
Frame  5  :                     3  3  3  3  4  4  4  4  4  4  5  5  5  5  6  6  6  6  6  6  6  6  1  1  7  7  7  7  7  7  2  2  2  2  5  5  4  4  6  6  6  6  6  6  6  6  0  0  3  3  4  4  5
Page Fault:   F  F  F     F     F           F                 F           F                       F     F                 F           F     F     F                       F     F     F     F
Total Page Faults: 18

Average Page Faults (Frame Size 5): 17.25

===========================================
   Frame Size: 6
===========================================
--- Reference String #1 ---
Ref String:  -1 -1  3 -1  6 -1  1 -1  7 -1  2 -1  4 -1  7 -1  2 -1  0 -1  3 -1  6 -1  1 -1  5 -1  2 -1  4 -1  7 -1  0 -1  3 -1  6 -1  1 -1  7 -1  2 -1  5 -1  0 -1  4 -1  3 -1  6 -1  1 -1  2 -1  7
Frame  1  :                                                                                                                                                                                        
Frame  2  :         3  3  3  3  3  3  3  3  3  3  3  3  3  3  3  3  3  3  3  3  3  3  3  3  3  3  3  3  3  3  3  3  3  3  3  3  2  2  2  2  2  2  2  2  2  2  2  2  2  2  2  2  2  2  2  2  2  2  2
Frame  3  :               6  6  6  6  6  6  6  6  6  6  6  6  6  6  6  6  6  6  6  6  2  2  2  2  2  2  2  2  2  2  2  2  2  2  0  0  0  0  0  0  0  0  0  0  0  0  5  5  7  7  7  7  7  7  7  7  7
Frame  4  :                     1  1  1  1  1  1  7  7  7  7  7  7  2  2  2  2  2  2  4  4  4  4  4  4  4  4  0  0  0  0  0  0  5  5  5  5  5  5  5  5  5  5  5  5  7  7  1  1  1  1  1  1  1  1  1
Frame  5  :                           7  7  7  7  2  2  2  2  2  2  4  4  4  4  4  4  0  0  0  0  0  0  0  0  5  5  5  5  5  5  7  7  7  7  7  7  7  7  7  7  7  7  1  1  4  4  3  3  3  3  3  3  3
Frame  6  :                                 2  2  4  4  4  4  4  4  0  0  0  0  0  0  1  1  5  5  5  5  5  5  7  7  7  7  7  7  6  6  1  1  1  1  1  1  1  1  1  1  4  4  3  3  6  6  6  6  6  6  6
Page Fault:   F     F     F     F     F     F     F                 F                 F     F                 F                 F     F                             F     F     F                  
Total Page Faults: 16

--- Reference String #2 ---
Ref String:   1 -1  2 -1  3 -1  4 -1  1 -1  2 -1  5 -1  1 -1  2 -1  3 -1  4 -1  5 -1  3 -1  4 -1  1 -1  2 -1  3 -1  4 -1  5 -1  1 -1  2 -1  3 -1  4 -1  5 -1  1 -1  2 -1  3 -1  4 -1  5 -1  1
Frame  1  :   1  1  1  1  1  1  1  1  1  1  1  1  1  1  1  1  1  1  1  1  1  1  1  1  1  1  1  1  1  1  1  1  1  1  1  1  1  1  1  1  1  1  1  1  1  1  1  1  1  1  1  1  1  1  1  1  1  1  1
Frame  2  :                                                                                                                                                                                  
Frame  3  :         2  2  2  2  2  2  2  2  2  2  2  2  2  2  2  2  2  2  2  2  2  2  2  2  2  2  2  2  2  2  2  2  2  2  2  2  2  2  2  2  2  2  2  2  2  2  2  2  2  2  2  2  2  2  2  2  2
Frame  4  :               3  3  3  3  3  3  3  3  3  3  3  3  3  3  3  3  3  3  3  3  3  3  3  3  3  3  3  3  3  3  3  3  3  3  3  3  3  3  3  3  3  3  3  3  3  3  3  3  3  3  3  3  3  3  3
Frame  5  :                     4  4  4  4  4  4  4  4  4  4  4  4  4  4  4  4  4  4  4  4  4  4  4  4  4  4  4  4  4  4  4  4  4  4  4  4  4  4  4  4  4  4  4  4  4  4  4  4  4  4  4  4  4
Frame  6  :                                       5  5  5  5  5  5  5  5  5  5  5  5  5  5  5  5  5  5  5  5  5  5  5  5  5  5  5  5  5  5  5  5  5  5  5  5  5  5  5  5  5  5  5  5  5  5  5
Page Fault:   F  F  F     F     F                 F                                                                                                                                          
Total Page Faults: 6

--- Reference String #3 ---
Ref String:   0 -1  3 -1  1 -1  6 -1  2 -1  5 -1  7 -1  4 -1  0 -1  3 -1  1 -1  6 -1  2 -1  5 -1  7 -1  4 -1  0 -1  3 -1  1 -1  6 -1  2 -1  5 -1  7 -1  4 -1  0 -1  3 -1  1 -1  6 -1  2 -1  5
Frame  1  :   0  0  0  0  0  0  0  0  0  0  0  0  0  0  0  0  0  0  0  0  0  0  0  0  0  0  0  0  0  0  0  0  0  0  0  0  0  0  0  0  0  0  0  0  0  0  0  0  0  0  0  0                     
Frame  2  :                                                                                                                                                               3  3  4  4  7  7  7
Frame  3  :         3  3  3  3  3  3  3  3  3  3  3  3  3  3  3  3  3  3  3  3  3  3  3  3  3  3  3  3  3  3  3  3  3  3  3  3  3  3  3  3  3  3  3  3  3  3  3  3  3  3  4  4  7  7  5  5  5
Frame  4  :               1  1  1  1  1  1  1  1  1  1  1  1  1  1  1  1  1  1  1  1  1  1  1  1  1  1  1  1  1  1  1  1  1  1  4  4  4  4  4  4  4  4  4  4  4  4  4  4  7  7  5  5  1  1  1
Frame  5  :                     6  6  6  6  6  6  6  6  6  6  6  6  6  6  6  6  6  6  4  4  4  4  4  4  4  4  4  4  4  4  4  4  7  7  7  7  7  7  7  7  7  7  7  7  7  7  5  5  1  1  6  6  6
Frame  6  :                           2  2  5  5  7  7  4  4  4  4  4  4  4  4  4  4  2  2  5  5  7  7  7  7  7  7  7  7  7  7  6  6  2  2  5  5  5  5  5  5  5  5  5  5  1  1  6  6  2  2  2
Page Fault:   F  F  F     F     F     F     F     F     F                             F     F     F                             F     F     F                             F     F     F      
Total Page Faults: 18

--- Reference String #4 ---
Ref String:   1 -1  0 -1  2 -1  3 -1  0 -1  4 -1  2 -1  3 -1  5 -1  4 -1  6 -1  3 -1  0 -1  4 -1  1 -1  7 -1  0 -1  1 -1  2 -1  3 -1  5 -1  4 -1  6 -1  7 -1  2 -1  1 -1  0 -1  3 -1  4 -1  5
Frame  1  :   1  1  1  1  1  1  1  1  1  1  1  1  1  1  1  1  1  1  1  1  1  1  1  1  1  1  1  1  1  1  1  1  1  1  1  1  1  1  1  1  1  1  1  1  1  1  1  1  1  1  1  1                    4
Frame  2  :                                                                                                                                                               4  4  4  4  4  4  2
Frame  3  :         0  0  0  0  0  0  0  0  0  0  0  0  0  0  0  0  0  0  0  0  0  0  0  0  0  0  0  0  0  0  0  0  0  0  3  3  3  3  4  4  4  4  4  4  4  4  4  4  4  4  7  7  2  2  2  2  6
Frame  4  :               2  2  2  2  2  2  2  2  2  2  2  2  3  3  3  3  3  3  3  3  3  3  3  3  3  3  3  3  3  3  3  3  4  4  4  4  7  7  7  7  7  7  7  7  7  7  7  7  2  2  6  6  6  6  0
Frame  5  :                     3  3  3  3  3  3  3  3  3  3  4  4  4  4  4  4  4  4  4  4  4  4  4  4  4  4  4  4  4  4  7  7  7  7  2  2  2  2  2  2  2  2  2  2  2  2  6  6  0  0  0  0  3
Frame  6  :                                 4  4  4  4  4  4  5  5  5  5  6  6  6  6  6  6  6  6  6  6  7  7  7  7  7  7  2  2  2  2  5  5  5  5  6  6  6  6  6  6  6  6  0  0  3  3  3  3  5
Page Fault:   F  F  F     F     F           F                 F           F                             F                 F           F           F                       F     F           F
Total Page Faults: 15

Average Page Faults (Frame Size 6): 13.75

PS C:\Users\jqlne\vscode\Java\CS4310\ProgramProject2> 